1
1
2
1
7
9
12
8
18
12
15
9
49
17
79
54
72
34
50
68
51
38
53
54
53
63
58
72
72
54
64
69
93
74
145
104
126
79
111
87
145
172
923
1307
885
1593
1910
2251
3114
3573
3044
3970
3869
6857
8528
12341
12550
12820
15034
17118
18900
21869
29206
12661659
5932168
6777967
10103429
6153883
6565860
10814588
17297599
9491353
24757499
17755211
24136401
21651651
25852176
25576879
17644984
22756207
43795073
42607633
49268403
49549181
1353690528
1399443060
1519851411
1687601656
974574223
2154862776
1168485144
2077176861
2746405441
1808440377
3303097281
2114014626
3809728405
2203228080
4289834251
2207947960
5000050000

